86 124
34 0
36 0
17 1
25 1
31 1
32 1
65 1
75 1
6 2
9 2
15 2
29 2
43 2
51 2
56 2
66 2
74 2
79 2
52 3
48 4
59 4
14 5
39 5
35 6
19 7
63 7
22 8
66 9
45 10
52 10
32 11
58 12
50 13
64 13
39 14
29 15
24 16
30 16
65 16
31 17
65 17
75 17
83 18
21 19
39 19
55 19
63 19
80 19
39 20
39 21
35 22
42 22
32 23
53 23
32 25
35 25
85 25
29 26
40 26
47 26
29 27
54 27
73 27
59 28
40 29
47 29
54 29
60 29
61 29
81 29
82 29
83 29
65 30
65 31
75 31
33 32
35 32
43 32
57 32
76 32
85 32
35 34
36 34
70 34
41 35
42 35
43 35
67 35
72 35
84 35
38 37
73 37
73 38
44 39
53 39
57 39
47 40
52 42
68 42
71 42
78 42
72 43
79 43
57 44
58 44
52 45
48 46
59 48
60 48
76 49
68 52
71 52
78 52
57 54
58 54
58 57
80 62
77 63
83 64
75 65
76 69
78 71
82 81
83 82
