88 133
22 0
26 0
24 1
27 1
45 1
63 1
3 2
7 2
21 2
6 3
16 3
22 4
40 4
27 5
42 5
45 5
7 6
11 6
15 6
39 6
10 7
14 7
15 7
16 7
34 7
22 8
58 8
27 9
60 9
63 9
11 10
57 10
52 11
76 12
27 13
45 13
63 13
78 13
81 13
15 14
75 14
70 15
17 16
18 17
20 18
38 18
56 18
74 18
20 19
31 19
36 20
54 20
72 20
33 21
23 22
26 22
44 22
62 22
80 22
25 23
43 23
61 23
79 23
25 24
41 25
59 25
77 25
40 26
58 26
76 26
29 27
30 28
32 28
30 29
33 32
50 32
86 32
87 33
35 34
36 35
38 36
56 36
74 36
38 37
49 37
51 39
44 40
62 40
80 40
42 41
43 41
61 41
79 41
44 43
47 45
48 46
50 46
48 47
51 50
68 50
87 51
53 52
54 53
56 54
56 55
67 55
69 57
62 58
60 59
61 59
62 61
65 63
66 64
68 64
66 65
69 68
86 68
87 69
71 70
72 71
74 72
74 73
85 73
87 75
80 76
78 77
79 77
80 79
83 81
84 82
86 82
84 83
87 86
