75 1387
0 13
0 52
0 55
0 17
0 63
0 56
0 30
0 29
0 73
0 69
0 4
0 18
0 5
0 51
0 42
0 6
0 65
0 3
0 46
0 59
0 33
0 11
0 22
0 45
0 14
0 38
0 1
0 20
0 27
0 39
0 72
0 53
0 40
1 14
1 35
1 52
1 16
1 53
1 34
1 64
1 25
1 44
1 20
1 13
1 17
1 59
1 54
1 19
1 37
1 68
1 26
1 46
1 65
1 58
1 21
1 50
1 38
1 15
1 72
1 29
1 42
1 22
1 23
1 69
1 5
1 57
1 31
1 18
1 36
1 2
2 43
2 11
2 31
2 33
2 28
2 32
2 19
2 36
2 66
2 15
2 61
2 51
2 53
2 35
2 22
2 69
2 3
2 13
2 70
2 57
2 50
2 7
2 27
2 67
2 47
2 9
2 54
2 10
2 58
2 5
2 68
2 16
2 12
2 20
2 17
2 34
2 24
2 41
3 69
3 19
3 67
3 64
3 53
3 24
3 28
3 65
3 73
3 37
3 47
3 18
3 39
3 35
3 36
3 33
3 60
3 72
3 62
3 71
3 32
3 56
3 58
3 51
3 49
3 40
3 11
3 57
3 12
3 74
3 43
3 41
4 39
4 22
4 59
4 45
4 10
4 26
4 51
4 68
4 58
4 61
4 14
4 62
4 15
4 64
4 6
4 65
4 37
4 7
4 40
4 28
4 34
4 71
4 60
4 53
4 32
4 9
4 66
4 44
4 72
4 36
4 18
4 13
4 35
4 67
4 43
4 69
4 33
5 49
5 62
5 43
5 36
5 12
5 8
5 32
5 27
5 6
5 34
5 18
5 42
5 65
5 64
5 29
5 26
5 53
5 40
5 56
5 23
5 71
5 13
5 20
5 15
5 21
5 9
5 66
5 54
5 38
5 7
5 31
5 57
5 72
5 63
5 10
5 58
6 51
6 10
6 48
6 52
6 59
6 19
6 28
6 64
6 47
6 8
6 38
6 25
6 39
6 18
6 33
6 45
6 16
6 60
6 46
6 70
6 43
6 74
6 27
6 34
6 56
6 32
6 65
6 40
6 69
6 26
7 18
7 63
7 65
7 29
7 28
7 10
7 60
7 42
7 31
7 64
7 59
7 58
7 33
7 69
7 44
7 16
7 49
7 12
7 67
7 24
7 61
7 34
7 11
7 13
7 54
7 23
7 9
7 25
7 56
7 21
7 20
7 40
7 70
7 66
8 17
8 11
8 16
8 52
8 19
8 70
8 61
8 10
8 24
8 31
8 12
8 46
8 36
8 20
8 39
8 60
8 48
8 33
8 63
8 73
8 57
8 27
8 54
8 50
8 64
8 35
8 25
8 26
8 37
8 53
8 47
8 72
8 66
8 15
8 49
8 9
8 62
8 68
9 61
9 52
9 41
9 34
9 72
9 32
9 25
9 67
9 62
9 21
9 33
9 73
9 45
9 37
9 50
9 28
9 17
9 60
9 14
9 18
9 49
9 55
9 16
9 48
9 10
9 19
9 63
10 38
10 57
10 70
10 31
10 73
10 13
10 48
10 52
10 25
10 29
10 27
10 51
10 46
10 60
10 42
10 72
10 26
10 67
10 55
10 37
10 16
10 54
10 69
10 44
10 39
10 65
10 30
10 66
10 43
11 70
11 38
11 33
11 53
11 25
11 18
11 41
11 15
11 63
11 56
11 74
11 34
11 39
11 17
11 73
11 69
11 59
11 54
11 23
11 20
11 28
11 71
11 40
11 12
11 44
11 43
11 46
11 22
11 47
12 52
12 61
12 74
12 68
12 21
12 22
12 35
12 62
12 53
12 18
12 67
12 42
12 49
12 64
12 20
12 16
12 51
12 33
12 38
12 73
12 55
12 37
12 27
12 25
12 14
12 65
12 30
12 36
12 72
12 58
13 59
13 30
13 20
13 22
13 66
13 51
13 19
13 15
13 43
13 61
13 73
13 34
13 52
13 41
13 26
13 28
13 65
13 35
13 29
13 55
13 16
13 27
13 71
13 58
13 40
13 24
13 54
13 25
13 62
13 42
13 21
13 23
13 45
14 21
14 32
14 58
14 38
14 39
14 66
14 60
14 68
14 27
14 26
14 64
14 33
14 36
14 67
14 55
14 47
14 73
14 57
14 62
14 23
14 31
14 53
14 61
14 51
14 17
14 74
14 40
14 20
14 41
15 36
15 26
15 66
15 34
15 56
15 49
15 63
15 16
15 21
15 57
15 65
15 69
15 41
15 20
15 44
15 31
15 64
15 62
15 52
15 33
15 25
15 37
15 48
15 53
15 54
15 19
15 29
15 28
15 18
15 45
15 35
15 67
15 73
15 72
15 61
15 24
16 46
16 17
16 24
16 58
16 36
16 41
16 56
16 67
16 62
16 26
16 39
16 34
16 20
16 28
16 66
16 49
16 68
16 53
16 25
16 18
16 54
16 55
16 50
16 30
16 37
16 35
16 48
16 74
16 57
16 61
16 42
17 41
17 68
17 46
17 63
17 44
17 50
17 31
17 32
17 56
17 24
17 26
17 22
17 74
17 48
17 43
17 39
17 58
17 38
17 67
17 27
17 29
17 53
17 72
17 71
17 42
17 51
17 30
18 48
18 49
18 70
18 52
18 57
18 63
18 27
18 68
18 26
18 41
18 24
18 56
18 21
18 40
18 46
18 59
18 23
18 38
18 22
18 32
18 62
18 60
18 33
18 20
18 61
18 65
18 30
18 58
18 43
18 55
18 25
18 28
19 34
19 44
19 63
19 67
19 29
19 25
19 22
19 72
19 54
19 64
19 55
19 66
19 70
19 47
19 58
19 73
19 69
19 48
19 61
19 31
19 51
19 42
19 36
19 24
19 28
19 50
19 43
19 59
19 32
20 50
20 48
20 24
20 74
20 62
20 21
20 71
20 38
20 42
20 55
20 27
20 39
20 57
20 70
20 22
20 52
20 45
20 23
20 65
20 37
20 73
20 35
20 28
21 23
21 72
21 43
21 71
21 59
21 27
21 32
21 47
21 24
21 55
21 38
21 56
21 66
21 44
21 40
21 42
21 62
21 31
21 26
21 46
21 73
21 61
21 52
21 57
21 49
21 34
21 29
21 39
21 30
22 27
22 50
22 68
22 59
22 28
22 73
22 58
22 66
22 25
22 47
22 63
22 29
22 51
22 34
22 32
22 23
22 54
22 72
22 31
22 24
22 62
22 49
22 64
22 39
22 69
22 65
22 41
23 68
23 52
23 30
23 53
23 65
23 25
23 40
23 27
23 49
23 34
23 51
23 44
23 24
23 29
23 64
23 57
23 37
23 66
23 28
23 48
23 70
23 36
23 46
23 38
23 67
23 69
23 55
24 44
24 52
24 38
24 43
24 50
24 70
24 65
24 68
24 36
24 31
24 73
24 32
24 61
24 57
24 45
24 66
24 39
24 46
24 47
24 40
24 58
24 53
24 55
24 67
24 62
24 33
24 48
24 74
24 56
25 56
25 36
25 73
25 67
25 50
25 54
25 33
25 55
25 38
25 61
25 47
25 30
25 53
25 59
25 49
25 64
25 37
25 27
25 66
25 41
25 32
25 71
25 63
25 34
25 43
25 40
25 65
26 47
26 37
26 43
26 30
26 69
26 72
26 65
26 33
26 28
26 34
26 29
26 61
26 36
26 41
26 51
26 52
26 38
26 67
26 45
26 42
26 44
26 27
26 60
26 74
26 32
26 54
26 56
26 46
27 54
27 50
27 71
27 72
27 43
27 57
27 51
27 47
27 30
27 74
27 44
27 52
27 66
27 31
27 40
27 37
27 45
27 63
27 67
27 59
27 35
27 39
27 70
28 63
28 41
28 36
28 72
28 51
28 44
28 57
28 68
28 40
28 52
28 30
28 71
28 58
28 47
28 64
28 54
28 32
28 55
28 46
29 53
29 73
29 62
29 58
29 36
29 55
29 43
29 38
29 59
29 72
29 70
29 34
29 45
29 40
29 51
29 71
29 47
29 54
29 42
29 69
29 57
29 37
29 60
29 48
29 49
30 36
30 57
30 43
30 42
30 52
30 48
30 59
30 68
30 64
30 54
30 39
30 71
30 33
30 69
30 53
30 56
30 70
30 61
30 73
30 63
30 31
30 35
30 46
31 66
31 48
31 62
31 57
31 52
31 53
31 69
31 34
31 56
31 46
31 61
31 33
31 44
31 70
31 72
31 49
31 65
31 41
31 60
31 73
31 64
31 55
31 43
32 62
32 41
32 68
32 57
32 39
32 48
32 45
32 37
32 47
32 69
32 72
32 36
32 52
32 60
32 43
32 53
32 71
32 34
32 58
32 46
33 48
33 64
33 59
33 72
33 65
33 46
33 52
33 34
33 66
33 51
33 70
33 71
33 68
33 37
33 56
33 49
33 39
33 54
33 36
33 73
34 53
34 42
34 46
34 57
34 69
34 48
34 41
34 60
34 66
34 62
34 64
34 68
34 58
34 51
34 74
34 35
34 71
34 55
34 67
34 36
34 40
35 58
35 49
35 39
35 36
35 45
35 60
35 62
35 51
35 38
35 63
35 74
35 68
35 43
35 52
35 55
35 73
35 59
35 61
35 65
35 54
35 41
35 64
35 72
35 70
35 50
35 67
36 66
36 40
36 54
36 45
36 41
36 59
36 46
36 51
36 58
36 72
36 37
36 62
36 69
36 53
36 56
36 74
36 48
37 73
37 44
37 53
37 72
37 65
37 57
37 48
37 39
37 61
37 46
37 41
37 47
37 66
37 74
37 71
37 40
38 40
38 69
38 47
38 64
38 66
38 44
38 65
38 49
38 42
38 70
38 48
38 59
38 57
38 41
38 73
38 52
38 55
38 51
38 71
38 50
39 45
39 61
39 69
39 62
39 44
39 52
39 43
39 51
39 66
39 48
39 67
39 72
39 46
39 64
39 59
39 58
40 45
40 42
40 67
40 41
40 50
40 74
40 51
40 44
40 65
40 60
40 59
40 55
40 52
40 73
40 64
41 46
41 71
41 68
41 43
41 58
41 73
41 59
41 42
41 52
41 66
41 74
41 65
41 61
41 62
41 45
41 63
41 72
42 56
42 47
42 74
42 71
42 60
42 69
42 58
42 57
42 59
42 43
42 63
42 68
42 44
42 72
42 55
42 51
42 53
42 48
43 72
43 70
43 66
43 74
43 59
43 65
43 57
43 44
43 55
43 47
43 52
43 45
43 71
43 58
43 67
43 62
43 68
43 51
43 61
44 56
44 47
44 55
44 73
44 65
44 58
44 64
44 53
44 52
44 49
44 72
44 69
44 46
44 59
44 57
45 56
45 69
45 64
45 47
45 57
45 51
45 52
45 71
45 68
45 67
45 62
45 60
45 73
45 50
46 73
46 57
46 64
46 54
46 52
46 67
46 60
46 66
46 69
46 61
46 48
46 51
46 63
46 49
46 71
47 72
47 53
47 60
47 65
47 56
47 73
47 70
47 66
47 74
47 67
47 64
47 54
48 51
48 72
48 50
48 56
48 65
48 57
48 66
48 61
48 73
48 69
48 70
48 63
48 58
48 53
49 67
49 53
49 71
49 74
49 64
49 65
49 56
49 73
49 54
49 72
49 63
50 68
50 54
50 51
50 61
50 53
50 60
50 58
50 52
50 59
50 74
51 59
51 73
51 68
51 72
51 62
51 61
51 54
51 69
52 72
52 67
52 64
52 71
52 68
52 65
52 57
53 64
53 58
53 55
53 65
53 70
53 61
53 74
53 69
53 54
53 68
54 63
54 65
54 72
54 60
54 67
54 56
54 73
54 59
54 55
54 64
54 70
54 66
54 71
55 72
55 67
55 64
55 62
55 60
55 66
55 65
56 73
56 57
56 62
56 63
56 58
56 70
56 69
56 74
56 72
56 68
56 59
57 67
57 62
57 74
57 61
57 72
57 65
57 68
58 74
58 67
58 62
58 60
58 63
58 69
58 70
59 73
59 63
59 61
59 60
60 66
60 68
60 61
60 67
60 63
60 74
60 62
60 72
61 68
61 65
61 67
61 64
61 74
61 69
62 74
62 70
62 63
62 68
63 67
63 68
63 69
63 74
63 73
63 71
64 71
64 68
64 72
64 66
64 65
65 69
65 73
66 68
66 74
66 73
66 69
66 67
66 72
68 69
68 72
68 70
68 71
69 73
69 72
70 72
71 74
71 73
72 74
