100 2475
0 86
0 30
0 2
0 83
0 15
0 37
0 26
0 36
0 64
0 43
0 14
0 18
0 63
0 29
0 13
0 77
0 17
0 65
0 39
0 28
0 75
0 46
0 55
0 99
0 54
0 73
0 9
0 47
0 21
0 72
0 32
0 91
0 35
0 38
0 90
0 60
0 8
0 49
0 87
0 97
0 19
0 61
0 96
1 70
1 52
1 24
1 46
1 80
1 37
1 11
1 30
1 10
1 62
1 26
1 41
1 20
1 82
1 14
1 59
1 97
1 51
1 2
1 32
1 58
1 72
1 28
1 86
1 25
1 3
1 6
1 17
1 4
1 38
1 90
1 31
1 85
1 88
1 96
1 35
1 9
1 44
1 76
1 53
1 94
1 42
1 66
1 60
2 66
2 26
2 19
2 49
2 30
2 40
2 12
2 55
2 7
2 82
2 99
2 81
2 31
2 52
2 84
2 32
2 88
2 78
2 93
2 45
2 8
2 37
2 56
2 70
2 44
2 33
2 67
2 72
2 23
2 95
2 79
2 38
2 22
2 4
2 61
2 87
2 85
2 75
2 10
2 11
2 42
2 91
2 74
2 92
2 76
2 68
2 25
2 14
3 8
3 6
3 63
3 40
3 44
3 24
3 65
3 27
3 74
3 50
3 21
3 88
3 64
3 7
3 83
3 76
3 15
3 81
3 49
3 34
3 52
3 4
3 26
3 38
3 13
3 73
3 72
3 95
3 25
3 42
3 29
3 19
3 35
3 14
3 10
3 62
3 18
3 57
3 31
3 67
3 28
3 93
3 85
3 43
3 53
3 90
3 45
3 55
3 66
3 79
4 68
4 25
4 96
4 93
4 33
4 47
4 40
4 20
4 56
4 60
4 15
4 90
4 17
4 10
4 50
4 99
4 18
4 48
4 70
4 65
4 27
4 14
4 73
4 82
4 91
4 87
4 19
4 86
4 42
4 7
4 52
4 11
4 58
4 55
4 62
4 35
4 97
4 6
4 94
4 38
4 54
4 59
4 83
4 37
4 64
5 75
5 48
5 71
5 41
5 16
5 49
5 77
5 79
5 90
5 50
5 40
5 19
5 61
5 93
5 14
5 30
5 86
5 31
5 15
5 70
5 89
5 32
5 36
5 80
5 23
5 42
5 28
5 81
5 11
5 92
5 62
5 55
5 21
5 65
5 85
5 64
5 73
5 66
5 35
5 63
5 34
5 91
5 8
6 13
6 19
6 92
6 11
6 17
6 33
6 59
6 50
6 76
6 84
6 62
6 10
6 37
6 52
6 45
6 49
6 67
6 46
6 71
6 20
6 97
6 85
6 27
6 70
6 90
6 36
6 75
6 39
6 60
6 28
6 95
6 63
6 64
6 83
6 54
6 26
6 79
6 34
6 56
6 12
6 40
6 31
6 80
6 68
6 91
6 35
6 32
6 88
6 7
7 51
7 77
7 62
7 27
7 8
7 22
7 28
7 97
7 52
7 93
7 34
7 76
7 35
7 50
7 23
7 11
7 84
7 91
7 86
7 12
7 29
7 41
7 24
7 21
7 72
7 61
7 65
7 47
7 82
7 58
7 9
7 49
7 59
7 46
7 40
7 45
7 67
7 33
7 99
7 14
7 80
7 57
7 15
7 96
7 60
7 85
7 37
7 75
7 19
7 68
8 77
8 40
8 24
8 54
8 68
8 13
8 16
8 79
8 12
8 28
8 67
8 74
8 17
8 81
8 90
8 38
8 55
8 36
8 39
8 51
8 32
8 97
8 69
8 93
8 65
8 99
8 35
8 61
8 76
8 73
8 23
8 27
8 85
8 22
8 94
8 50
8 10
8 45
8 33
8 14
8 37
8 31
8 26
9 51
9 59
9 50
9 18
9 46
9 38
9 75
9 57
9 53
9 16
9 96
9 65
9 43
9 39
9 98
9 97
9 60
9 42
9 90
9 56
9 22
9 54
9 34
9 66
9 44
9 78
9 40
9 83
9 25
9 62
9 73
9 10
9 52
9 49
9 81
9 35
9 33
9 45
9 47
9 21
9 31
9 82
9 95
9 76
9 63
9 58
9 24
9 87
9 94
9 86
9 80
9 79
10 46
10 62
10 87
10 77
10 66
10 97
10 72
10 29
10 38
10 91
10 37
10 99
10 13
10 59
10 63
10 88
10 42
10 26
10 36
10 54
10 84
10 32
10 48
10 93
10 79
10 55
10 40
10 90
10 74
10 22
10 76
10 24
10 56
10 82
10 69
10 30
10 80
10 92
10 75
10 19
10 61
10 17
10 18
11 97
11 77
11 30
11 43
11 71
11 61
11 60
11 16
11 52
11 18
11 25
11 69
11 47
11 93
11 78
11 48
11 92
11 22
11 90
11 12
11 39
11 49
11 38
11 70
11 62
11 13
11 64
11 88
11 27
11 99
11 21
11 86
11 15
11 20
11 26
11 54
11 58
11 37
11 74
11 85
11 35
11 83
11 24
11 63
11 32
11 53
11 50
11 40
12 50
12 28
12 55
12 82
12 26
12 81
12 57
12 94
12 39
12 13
12 37
12 38
12 91
12 14
12 68
12 53
12 88
12 73
12 62
12 80
12 56
12 52
12 84
12 67
12 78
12 33
12 21
12 25
12 54
12 40
12 71
12 22
12 69
12 45
12 97
12 23
12 58
12 17
12 65
12 99
12 43
12 70
12 30
13 19
13 66
13 41
13 21
13 98
13 80
13 53
13 50
13 65
13 45
13 63
13 18
13 76
13 46
13 44
13 47
13 74
13 85
13 28
13 24
13 94
13 51
13 48
13 39
13 84
13 31
13 70
13 82
13 30
13 99
13 89
13 71
13 42
13 32
13 26
13 34
13 16
13 96
13 35
13 81
13 20
13 33
13 93
14 79
14 74
14 47
14 35
14 71
14 64
14 34
14 53
14 42
14 67
14 84
14 36
14 23
14 87
14 46
14 88
14 82
14 80
14 91
14 92
14 75
14 95
14 17
14 83
14 37
14 39
14 68
14 54
14 41
14 93
14 30
14 19
14 90
14 50
14 16
14 97
14 20
14 44
14 26
14 94
14 60
14 89
15 25
15 69
15 23
15 72
15 66
15 84
15 33
15 41
15 38
15 62
15 34
15 78
15 27
15 94
15 58
15 59
15 65
15 49
15 51
15 30
15 93
15 79
15 18
15 43
15 56
15 86
15 21
15 82
15 97
15 74
15 85
15 52
15 73
15 42
15 91
15 68
15 96
15 36
15 45
15 57
15 46
15 50
15 32
15 60
15 87
15 99
15 54
16 48
16 87
16 95
16 22
16 97
16 39
16 55
16 98
16 74
16 76
16 86
16 70
16 90
16 94
16 28
16 88
16 96
16 84
16 67
16 40
16 58
16 43
16 35
16 51
16 17
16 93
16 33
16 24
16 50
16 83
16 61
16 63
16 41
16 26
16 99
16 38
16 54
16 81
16 64
16 69
16 29
16 53
16 89
16 23
16 68
17 70
17 22
17 36
17 80
17 29
17 97
17 28
17 21
17 38
17 69
17 25
17 99
17 88
17 87
17 52
17 48
17 86
17 76
17 44
17 53
17 26
17 62
17 54
17 58
17 60
17 46
17 49
17 98
17 96
17 40
17 18
17 39
17 85
17 31
17 51
17 34
17 83
17 94
17 64
17 43
17 73
17 75
17 95
17 92
17 61
18 83
18 59
18 87
18 27
18 49
18 28
18 92
18 43
18 58
18 25
18 44
18 99
18 93
18 53
18 75
18 96
18 86
18 30
18 74
18 79
18 33
18 41
18 94
18 50
18 78
18 73
18 72
18 60
18 47
18 37
18 54
18 62
18 31
18 80
18 68
18 65
18 63
18 76
19 74
19 60
19 49
19 90
19 55
19 41
19 44
19 37
19 96
19 33
19 93
19 80
19 35
19 39
19 61
19 85
19 54
19 92
19 32
19 38
19 98
19 79
19 71
19 53
19 68
19 70
19 36
19 27
19 43
19 51
19 62
19 81
19 66
19 86
19 77
19 21
19 76
19 95
19 75
19 84
19 23
19 89
19 73
19 50
19 26
19 25
20 36
20 22
20 57
20 88
20 95
20 61
20 24
20 85
20 78
20 63
20 89
20 64
20 23
20 48
20 58
20 67
20 26
20 92
20 80
20 32
20 96
20 44
20 76
20 75
20 62
20 94
20 66
20 93
20 68
20 69
20 46
20 97
20 21
20 99
20 28
20 91
20 84
20 27
20 50
20 70
21 74
21 86
21 44
21 65
21 54
21 94
21 49
21 34
21 67
21 32
21 37
21 26
21 23
21 62
21 22
21 82
21 30
21 89
21 58
21 33
21 79
21 71
21 85
21 72
21 90
21 50
21 53
21 39
21 73
21 41
21 75
21 98
21 97
21 27
21 57
21 36
21 52
22 73
22 51
22 78
22 28
22 63
22 95
22 62
22 69
22 33
22 72
22 29
22 25
22 67
22 86
22 43
22 26
22 96
22 97
22 40
22 42
22 55
22 30
22 77
22 64
22 58
22 45
22 75
22 92
22 23
22 34
22 93
22 65
22 60
22 47
22 85
22 24
23 51
23 71
23 91
23 55
23 27
23 41
23 74
23 90
23 84
23 37
23 25
23 82
23 33
23 64
23 29
23 32
23 88
23 92
23 50
23 39
23 83
23 56
23 30
23 68
23 53
23 31
23 80
23 81
23 59
23 67
23 93
23 87
23 72
23 57
23 95
23 79
23 49
23 34
23 76
23 77
24 94
24 32
24 55
24 53
24 60
24 26
24 64
24 40
24 29
24 43
24 95
24 73
24 74
24 84
24 50
24 54
24 72
24 98
24 48
24 28
24 96
24 67
24 27
24 76
24 30
24 56
24 81
24 99
24 87
24 91
24 65
24 47
24 89
24 83
24 61
24 79
24 71
25 50
25 88
25 99
25 43
25 83
25 95
25 44
25 29
25 59
25 68
25 96
25 71
25 79
25 28
25 32
25 77
25 74
25 81
25 42
25 69
25 94
25 56
25 92
25 37
25 82
25 52
25 61
25 38
25 80
25 33
25 54
25 40
25 72
26 99
26 73
26 44
26 98
26 33
26 80
26 39
26 67
26 37
26 77
26 36
26 66
26 71
26 84
26 28
26 38
26 53
26 60
26 91
26 93
26 45
26 48
26 61
26 94
26 30
26 96
26 72
26 81
26 47
27 46
27 94
27 81
27 47
27 48
27 84
27 82
27 92
27 31
27 36
27 55
27 52
27 80
27 70
27 86
27 32
27 98
27 28
27 35
27 56
27 57
27 30
27 45
27 88
27 89
27 44
27 43
27 97
27 93
27 91
27 87
27 74
27 65
27 50
27 49
27 90
27 78
27 62
28 55
28 42
28 97
28 82
28 87
28 64
28 33
28 85
28 30
28 76
28 79
28 70
28 67
28 41
28 35
28 99
28 69
28 66
28 94
28 61
28 72
28 96
28 48
28 98
28 90
28 60
28 77
28 50
28 59
28 84
29 75
29 97
29 42
29 40
29 51
29 46
29 65
29 61
29 32
29 95
29 33
29 44
29 99
29 86
29 83
29 30
29 85
29 55
29 77
29 45
29 84
29 35
29 69
29 53
29 73
29 74
29 39
29 96
29 76
29 60
29 47
29 78
29 80
29 68
29 63
29 57
29 54
29 50
29 48
29 89
29 70
30 99
30 75
30 57
30 42
30 53
30 87
30 89
30 41
30 74
30 88
30 40
30 37
30 91
30 86
30 36
30 69
30 95
30 62
30 55
30 64
30 92
30 72
30 33
30 97
30 68
30 66
30 38
30 31
30 84
30 98
30 58
30 54
30 70
30 34
31 78
31 34
31 87
31 73
31 97
31 58
31 99
31 53
31 90
31 37
31 63
31 67
31 52
31 51
31 72
31 47
31 41
31 40
31 65
31 84
31 62
31 98
31 33
31 68
31 74
31 70
31 85
31 50
31 57
31 79
31 61
31 32
31 86
31 82
31 39
31 91
32 63
32 60
32 36
32 69
32 83
32 98
32 43
32 51
32 86
32 96
32 67
32 89
32 62
32 80
32 76
32 39
32 72
32 48
32 94
32 59
32 73
32 79
32 42
32 92
32 64
32 56
32 85
32 78
32 44
32 46
32 33
32 52
32 37
32 90
32 82
32 68
32 35
32 91
32 47
32 88
32 97
33 82
33 60
33 68
33 46
33 62
33 94
33 86
33 76
33 61
33 72
33 37
33 39
33 69
33 73
33 98
33 58
33 59
33 45
33 34
33 97
33 49
33 67
34 95
34 69
34 43
34 45
34 86
34 74
34 73
34 36
34 49
34 87
34 97
34 66
34 99
34 51
34 64
34 46
34 85
34 84
34 71
34 67
34 58
34 79
34 42
34 47
34 55
34 77
34 44
35 91
35 93
35 83
35 47
35 55
35 99
35 85
35 98
35 37
35 89
35 45
35 68
35 66
35 76
35 41
35 82
35 86
35 69
35 70
35 88
35 73
35 57
35 75
35 43
35 72
35 36
35 40
35 58
35 56
35 53
35 59
35 50
36 96
36 62
36 50
36 92
36 65
36 76
36 87
36 44
36 61
36 99
36 77
36 63
36 74
36 67
36 88
36 98
36 54
36 59
36 66
36 56
36 51
36 90
36 46
36 71
36 42
36 58
36 40
36 80
36 91
36 78
36 53
36 43
36 55
36 60
36 64
37 67
37 39
37 42
37 47
37 85
37 98
37 90
37 95
37 70
37 65
37 63
37 38
37 82
37 48
37 73
37 86
37 55
37 89
37 43
37 45
37 46
37 53
37 72
37 91
37 97
37 68
37 41
37 93
38 49
38 51
38 98
38 53
38 39
38 81
38 71
38 55
38 92
38 68
38 87
38 70
38 66
38 94
38 74
38 91
38 50
38 88
38 57
38 47
38 43
38 56
38 72
38 86
38 77
38 44
39 84
39 72
39 40
39 94
39 70
39 79
39 48
39 99
39 57
39 50
39 44
39 54
39 67
39 42
39 41
39 89
39 75
39 61
39 93
39 90
39 91
39 60
39 97
39 85
39 83
39 47
39 65
39 56
39 58
39 66
39 43
40 80
40 48
40 65
40 43
40 59
40 42
40 89
40 69
40 82
40 93
40 88
40 87
40 90
40 66
40 95
40 61
40 92
40 77
40 83
40 72
40 86
40 99
40 97
40 53
40 85
40 81
40 46
40 98
40 51
40 91
40 49
40 60
40 52
40 75
40 44
41 79
41 81
41 86
41 91
41 84
41 87
41 56
41 61
41 95
41 65
41 59
41 43
41 46
41 68
41 82
41 69
41 80
41 60
41 72
41 98
41 76
41 74
41 47
41 55
41 45
41 92
41 62
41 85
41 42
41 97
41 53
41 77
41 57
41 44
42 91
42 58
42 78
42 88
42 85
42 82
42 89
42 48
42 94
42 60
42 73
42 67
42 51
42 86
42 96
42 61
42 70
42 90
42 64
42 74
42 80
42 45
42 69
42 57
42 76
42 66
42 62
42 81
42 43
43 64
43 94
43 78
43 71
43 98
43 89
43 46
43 53
43 75
43 44
43 58
43 74
43 87
43 86
43 82
43 96
43 54
43 56
43 70
43 68
43 67
43 77
43 97
43 90
43 65
43 88
43 84
43 55
43 61
43 45
43 60
44 49
44 90
44 68
44 99
44 98
44 56
44 80
44 70
44 55
44 47
44 95
44 76
44 46
44 45
44 53
44 57
44 81
44 74
44 94
44 51
44 75
44 52
44 89
44 77
44 67
44 78
45 76
45 98
45 75
45 93
45 68
45 77
45 91
45 52
45 78
45 88
45 82
45 96
45 83
45 84
45 94
45 51
45 65
45 89
45 60
45 81
45 79
45 48
45 97
45 50
45 53
45 70
46 61
46 67
46 98
46 74
46 83
46 77
46 96
46 93
46 87
46 82
46 54
46 88
46 66
46 95
46 50
46 65
46 76
46 60
46 56
46 97
46 55
46 81
46 51
46 90
46 52
46 63
46 47
46 73
46 79
46 72
46 84
47 77
47 75
47 69
47 52
47 83
47 57
47 71
47 50
47 94
47 82
47 63
47 62
47 86
47 88
47 70
47 56
47 73
47 67
47 98
47 84
47 61
47 55
47 97
47 87
48 97
48 90
48 65
48 64
48 77
48 87
48 80
48 58
48 52
48 70
48 79
48 75
48 84
48 60
48 76
48 74
48 86
48 78
48 95
48 51
48 96
48 63
48 93
48 89
48 56
48 72
48 92
49 63
49 80
49 74
49 89
49 99
49 92
49 67
49 53
49 81
49 96
49 60
49 66
49 77
49 64
49 90
49 78
49 73
49 94
49 58
49 56
49 65
49 70
49 79
49 97
49 59
50 90
50 84
50 91
50 89
50 92
50 78
50 53
50 61
50 55
50 88
50 93
50 63
50 77
50 95
50 85
50 87
50 59
50 64
50 83
50 62
50 76
50 60
50 69
51 71
51 99
51 58
51 98
51 57
51 59
51 82
51 74
51 92
51 78
51 86
51 72
51 76
51 93
51 75
51 96
51 54
51 90
51 63
51 95
51 77
51 91
51 83
52 93
52 92
52 62
52 83
52 78
52 63
52 96
52 81
52 57
52 94
52 70
52 65
52 69
52 60
52 98
52 59
52 74
52 68
52 64
52 87
52 97
52 67
52 58
53 79
53 73
53 64
53 86
53 60
53 65
53 78
53 84
53 81
53 91
53 80
53 66
53 70
53 82
53 75
53 94
53 58
53 83
53 67
53 96
53 99
53 74
53 59
53 54
53 62
53 68
54 67
54 62
54 95
54 96
54 84
54 94
54 68
54 69
54 63
54 70
54 75
54 76
54 60
54 91
54 71
54 66
54 99
55 81
55 79
55 85
55 86
55 83
55 80
55 62
55 61
55 66
55 60
55 67
55 95
55 70
55 99
55 56
55 90
55 72
55 94
55 98
55 75
55 73
55 69
55 74
55 96
56 99
56 83
56 77
56 80
56 82
56 74
56 61
56 87
56 96
56 72
56 67
56 68
56 90
56 98
56 64
56 89
56 70
56 93
56 75
56 95
56 73
56 85
57 75
57 97
57 63
57 94
57 66
57 81
57 92
57 69
57 84
57 96
57 74
57 77
57 89
57 78
57 60
58 95
58 60
58 72
58 63
58 70
58 92
58 71
58 67
58 90
58 65
58 84
58 98
58 78
58 96
58 79
58 68
58 66
58 80
58 77
59 65
59 63
59 69
59 82
59 77
59 76
59 99
59 62
59 72
59 88
59 98
59 78
59 89
59 73
59 92
59 80
59 95
59 74
60 84
60 78
60 80
60 70
60 99
60 72
60 98
60 75
60 83
60 67
60 89
60 93
60 71
60 69
60 66
60 91
60 76
60 62
60 86
60 81
60 90
60 68
60 64
60 92
61 83
61 79
61 88
61 81
61 87
61 62
61 82
61 96
61 92
61 74
61 63
61 68
61 84
61 94
61 90
61 76
61 75
61 91
61 67
61 89
62 63
62 64
62 90
62 66
62 89
62 96
62 92
62 80
62 68
62 93
62 88
62 76
62 75
62 82
62 86
62 94
62 95
63 96
63 64
63 70
63 76
63 81
63 72
63 77
63 80
63 87
63 79
63 93
63 73
63 95
63 83
63 67
64 82
64 68
64 81
64 78
64 89
64 80
64 67
64 98
64 90
64 86
64 74
64 75
64 76
64 66
64 65
64 91
64 85
64 96
64 73
64 97
64 93
64 71
64 95
65 96
65 95
65 77
65 97
65 79
65 73
65 89
65 80
65 70
65 99
65 94
65 71
65 88
66 81
66 92
66 82
66 77
66 79
66 78
66 70
66 71
66 84
66 96
66 94
66 91
66 75
66 85
66 68
66 88
67 95
67 78
67 70
67 89
67 74
67 83
67 68
67 99
67 71
67 73
67 81
67 96
67 86
67 80
67 87
67 76
67 82
68 98
68 76
68 72
68 75
68 89
68 93
68 79
68 87
68 94
68 90
69 89
69 92
69 99
69 86
69 75
69 87
69 95
69 79
69 70
69 97
69 78
69 77
69 72
69 71
69 85
69 91
69 94
70 84
70 92
70 98
70 82
70 93
70 75
70 76
70 99
70 78
70 80
70 90
70 88
70 81
70 97
70 85
70 94
71 73
71 79
71 93
71 74
71 82
71 97
71 88
71 98
71 78
71 94
71 90
71 80
71 96
71 87
71 76
72 81
72 90
72 84
72 91
72 89
72 96
72 83
72 94
72 80
72 85
72 86
72 95
72 79
73 84
73 99
73 95
73 88
73 78
73 81
73 77
73 90
73 97
73 96
73 87
73 85
74 99
74 79
74 94
74 82
74 85
74 92
74 91
74 90
74 88
74 98
74 89
74 80
74 95
74 77
74 93
75 92
75 76
75 81
75 89
75 83
75 87
75 90
75 85
76 91
76 95
76 85
76 90
76 81
76 78
76 82
76 87
76 89
76 96
76 92
76 88
76 86
76 80
77 83
77 99
77 93
77 89
77 91
77 90
77 96
77 85
77 88
77 86
78 92
78 89
78 86
78 83
78 96
78 85
78 80
78 90
78 95
78 93
78 79
78 94
78 98
78 97
78 99
79 95
79 96
79 94
79 91
79 89
79 93
79 97
79 99
79 84
79 82
79 98
79 92
79 87
80 94
80 89
80 86
80 93
80 90
80 91
80 87
80 97
80 92
80 81
81 91
81 89
81 92
81 99
81 96
81 86
81 94
81 85
81 90
81 83
82 86
82 85
82 99
82 91
82 95
82 94
82 93
82 83
82 98
82 89
82 97
83 93
83 94
83 91
83 84
83 90
83 99
84 96
84 87
84 92
84 88
84 94
84 93
85 95
85 92
85 90
85 87
85 86
85 88
85 89
85 91
85 99
86 90
86 87
86 94
86 89
86 99
86 93
87 97
87 99
87 93
87 96
87 89
88 95
88 89
88 99
88 96
88 98
88 93
89 94
89 95
89 92
89 99
89 97
89 93
89 91
90 97
90 94
90 92
90 93
91 96
91 95
91 94
91 98
91 97
92 98
92 97
92 95
93 96
94 95
94 98
94 96
94 99
95 99
