25 150
0 16
0 4
0 24
0 3
0 17
0 7
0 20
1 9
1 5
1 18
1 3
1 10
1 15
1 2
1 11
1 21
1 14
1 16
1 7
1 8
1 12
2 12
2 16
2 24
2 19
2 20
2 22
2 8
2 15
2 18
2 9
2 21
3 22
3 5
3 19
3 9
3 18
3 7
3 10
3 20
3 4
3 12
3 8
3 13
3 21
4 14
4 12
4 24
4 5
4 11
4 18
4 23
4 7
4 17
4 22
4 10
4 9
4 6
5 18
5 21
5 17
5 6
5 12
5 15
5 14
5 16
6 22
6 21
6 24
6 12
6 13
6 7
6 23
6 19
6 8
7 9
7 11
7 12
7 13
8 16
8 9
8 18
8 24
8 19
8 11
8 10
8 20
8 15
9 14
9 10
9 11
9 18
9 16
10 24
10 12
10 22
10 14
10 11
11 21
11 19
11 23
12 13
12 19
12 21
12 18
12 15
12 16
13 18
13 22
13 19
13 14
13 23
13 16
14 19
14 22
14 24
14 18
14 20
15 19
15 16
15 24
15 17
15 22
15 20
15 23
16 21
16 19
16 23
16 20
16 18
17 24
17 21
17 22
17 18
17 19
17 20
18 20
18 19
18 21
18 22
19 23
20 21
20 23
20 22
20 24
21 23
21 22
22 24
22 23
23 24
