50 612
0 36
0 10
0 14
0 39
0 27
0 5
0 21
0 19
0 22
0 2
0 44
0 25
0 17
0 20
0 11
0 40
0 26
0 24
0 42
0 16
0 29
0 23
0 13
0 49
0 48
0 1
0 30
0 47
1 18
1 4
1 2
1 12
1 11
1 22
1 3
1 31
1 25
1 21
1 34
1 33
1 9
1 39
1 42
1 16
1 44
1 14
1 5
1 7
1 40
1 35
1 27
1 48
2 18
2 3
2 47
2 17
2 15
2 23
2 25
2 10
2 33
2 4
2 16
2 5
2 46
2 27
2 35
2 41
2 39
2 32
2 26
2 28
2 36
2 12
2 37
2 19
2 43
2 13
2 11
2 20
2 22
2 8
3 27
3 48
3 12
3 32
3 37
3 10
3 44
3 16
3 4
3 24
3 9
3 45
3 15
3 49
3 39
3 40
3 18
3 26
3 20
3 17
3 33
3 46
3 25
3 30
3 19
4 21
4 32
4 41
4 17
4 16
4 18
4 28
4 20
4 10
4 19
4 34
4 38
4 31
4 30
4 49
4 48
4 46
4 13
4 29
4 5
4 11
4 40
4 33
5 17
5 40
5 39
5 12
5 26
5 49
5 33
5 31
5 47
5 14
5 15
5 13
5 22
5 10
5 44
5 41
5 6
5 43
5 46
5 7
5 18
5 38
5 37
5 9
5 34
5 20
6 10
6 37
6 40
6 30
6 7
6 27
6 13
6 17
6 41
6 8
6 46
6 29
6 21
6 39
6 18
6 43
6 12
6 48
6 49
6 22
7 11
7 14
7 10
7 25
7 30
7 33
7 13
7 44
7 24
7 31
7 38
7 12
7 42
7 32
7 46
7 26
7 19
7 49
7 16
8 12
8 42
8 17
8 44
8 14
8 10
8 25
8 49
8 11
8 16
8 23
8 13
8 29
8 21
8 9
8 46
8 20
8 30
9 34
9 11
9 31
9 47
9 19
9 25
9 23
9 20
9 48
9 38
9 33
9 12
9 42
9 15
9 40
10 44
10 43
10 42
10 18
10 28
10 20
10 16
10 37
10 47
10 49
10 32
10 26
10 39
10 15
10 40
10 14
10 31
11 17
11 35
11 30
11 18
11 22
11 21
11 47
11 38
11 15
11 31
11 44
11 33
11 45
11 34
11 39
11 25
11 14
12 30
12 36
12 34
12 16
12 26
12 15
12 48
12 19
12 20
12 32
12 46
12 35
12 22
12 31
12 37
12 13
12 38
12 21
12 27
13 38
13 42
13 43
13 29
13 23
13 37
13 46
13 22
13 27
13 25
13 35
13 20
13 47
14 24
14 30
14 44
14 27
14 41
14 33
14 28
14 49
14 17
14 43
14 45
14 26
14 42
14 37
14 48
14 22
14 39
15 49
15 23
15 19
15 33
15 38
15 43
15 36
15 27
15 25
15 18
15 26
15 17
15 34
15 29
15 32
15 47
16 47
16 20
16 28
16 49
16 17
16 34
16 44
16 40
16 36
16 37
16 32
16 18
16 43
16 33
17 20
17 30
17 26
17 40
17 24
17 37
17 23
17 44
17 21
17 39
17 29
17 36
17 47
17 18
17 45
17 34
17 28
18 39
18 22
18 41
18 30
18 36
18 27
18 33
18 43
18 25
18 44
18 38
18 49
18 21
18 29
18 47
18 48
18 34
19 44
19 31
19 35
19 40
19 27
19 34
19 43
19 46
19 26
19 47
19 49
19 30
19 41
19 29
19 22
19 37
19 28
19 48
20 22
20 41
20 43
20 36
20 29
20 46
20 39
20 40
20 37
20 44
20 38
20 34
20 47
20 30
20 26
20 28
20 42
21 23
21 38
21 40
21 42
21 41
21 34
21 27
21 26
21 24
21 45
21 32
21 35
22 24
22 43
22 28
22 35
22 41
22 47
22 36
22 49
22 40
22 25
22 38
22 39
22 23
23 32
23 38
23 37
23 25
23 45
23 29
23 26
23 40
23 31
23 27
23 28
23 39
24 37
24 25
24 31
24 30
24 32
24 41
24 28
24 49
24 39
24 35
24 38
24 45
25 49
25 41
25 40
25 34
25 48
25 28
25 36
25 32
25 26
25 38
25 35
25 45
26 33
26 41
26 48
26 37
26 39
26 27
26 45
26 32
26 40
26 29
27 45
27 44
27 35
27 38
27 41
27 47
27 36
27 34
27 39
27 30
27 37
27 28
28 32
28 31
28 36
28 44
28 49
28 42
28 48
28 38
28 34
28 30
29 37
29 47
29 30
29 46
29 40
29 39
29 34
29 48
29 38
29 41
29 36
29 33
29 43
29 44
30 40
30 42
30 48
30 35
30 33
30 45
30 38
30 49
30 34
31 34
31 35
31 45
31 40
31 46
31 47
31 37
31 33
31 42
32 49
32 48
32 44
32 33
32 42
32 43
32 47
32 41
33 44
33 37
33 41
33 38
33 36
33 34
33 45
33 49
33 46
34 44
34 35
34 47
34 37
34 45
34 39
34 38
34 48
35 49
35 45
35 46
35 36
35 44
35 40
35 39
35 47
35 42
36 49
36 40
36 48
36 45
36 39
36 37
36 42
37 48
37 44
37 40
37 38
37 47
38 41
38 45
38 40
38 42
38 43
38 49
39 47
39 43
39 44
39 49
40 44
40 43
40 49
40 45
40 41
41 47
41 49
41 45
41 44
41 42
41 43
42 44
42 45
42 49
42 48
43 44
43 47
43 46
44 45
46 49
46 47
